Reading Date: 2025-05-04 16:54:07
----------------------------------------
Sample	Cosine	Sine	Magnitude
1	0.00	0.00	0.00
2	0.00	0.00	0.00
3	0.00	0.00	0.00
4	0.00	0.00	0.00
5	0.00	0.00	0.00
6	0.00	0.00	0.00
7	0.00	0.00	0.00
8	0.00	0.00	0.00
9	0.00	0.00	0.00
10	0.00	0.00	0.00
11	0.00	0.00	0.00
12	0.00	0.00	0.00
13	0.00	0.00	0.00
14	0.00	0.00	0.00
15	0.00	0.00	0.00
16	0.00	0.00	0.00
17	0.00	0.00	0.00
18	0.00	0.00	0.00
19	0.00	0.00	0.00
20	0.00	0.00	0.00
----------------------------------------
Average Cosine: 0.00 (range: 0.00 to 0.00)
Average Sine: 0.00 (range: 0.00 to 0.00)
Average Magnitude: 0.00

Recommended values for Address Changer:
COSINE: 0
SINE: 0
